---
startPose:
  x: -39.0
  y: 56.0
  heading: 0.5235987755982988
startTangent: 0.0
waypoints:
- position:
    x: -5.0
    y: 60.0
  heading: 3.141592653589793
  tangent: 0.0
  interpolationType: "LINEAR"
resolution: 0.25
version: 1
