---
startPose:
  x: -63.0
  y: 25.0
  heading: 3.141592653589793
startTangent: -0.2617993877991494
waypoints:
- position:
    x: 12.0
    y: 45.0
  heading: -1.5707963267948966
  tangent: 1.5707963267948966
  interpolationType: "LINEAR"
resolution: 0.25
version: 1
