---
startPose:
  x: -5.0
  y: -40.0
  heading: 0.0
startTangent: 1.3962634015954636
waypoints:
- position:
    x: 10.0
    y: -10.0
  heading: 0.0
  tangent: 1.3962634015954636
  interpolationType: "LINEAR"
resolution: 0.25
version: 1
