---
startPose:
  x: 45.0
  y: -60.0
  heading: 2.443460952792061
startTangent: 2.96705972839036
waypoints:
- position:
    x: -40.0
    y: -22.0
  heading: 0.6108652381980153
  tangent: -2.792526803190927
  interpolationType: "SPLINE"
resolution: 0.25
version: 1
