---
startPose:
  x: -62.0
  y: -26.0
  heading: 3.141592653589793
startTangent: 0.0
waypoints:
- position:
    x: 30.0
    y: -24.0
  heading: 2.530727415391778
  tangent: -0.6108652381980153
  interpolationType: "SPLINE"
resolution: 0.25
version: 1
