---
startPose:
  x: -63.0
  y: -50.0
  heading: 3.141592653589793
startTangent: 0.0
waypoints:
- position:
    x: 45.0
    y: -60.0
  heading: 3.141592653589793
  tangent: 0.0
  interpolationType: "SPLINE"
resolution: 0.25
version: 1
