---
startPose:
  x: 60.0
  y: -45.0
  heading: 1.5707963267948966
startTangent: 3.141592653589793
waypoints:
- position:
    x: -5.0
    y: -40.0
  heading: 0.0
  tangent: 1.5707963267948966
  interpolationType: "LINEAR"
resolution: 0.25
version: 1
