---
startPose:
  x: -40.0
  y: -55.0
  heading: -0.6108652381980153
startTangent: 0.0
waypoints:
- position:
    x: -5.0
    y: -60.0
  heading: 3.141592653589793
  tangent: -0.2617993877991494
  interpolationType: "LINEAR"
resolution: 0.25
version: 1
