---
startPose:
  x: 23.0
  y: -24.0
  heading: 2.356194490192345
startTangent: 1.5707963267948966
waypoints:
- position:
    x: -5.0
    y: -15.0
  heading: 0.0
  tangent: 1.5707963267948966
  interpolationType: "LINEAR"
resolution: 0.25
version: 1
