---
startPose:
  x: 12.0
  y: -45.0
  heading: 1.5707963267948966
startTangent: 2.0943951023931953
waypoints:
- position:
    x: -40.0
    y: -55.0
  heading: -0.6108652381980153
  tangent: 2.443460952792061
  interpolationType: "LINEAR"
resolution: 0.25
version: 1
