---
startPose:
  x: -62.0
  y: -26.0
  heading: 3.141592653589793
startTangent: 0.0
waypoints:
- position:
    x: 12.0
    y: -45.0
  heading: 1.5707963267948966
  tangent: -1.5707963267948966
  interpolationType: "SPLINE"
resolution: 0.25
version: 1
