---
startPose:
  x: -5.0
  y: -60.0
  heading: 3.141592653589793
startTangent: 1.5707963267948966
waypoints:
- position:
    x: -38.0
    y: -25.0
  heading: 0.0
  tangent: 3.141592653589793
  interpolationType: "LINEAR"
resolution: 0.25
version: 1
