---
startPose:
  x: 23.0
  y: -24.0
  heading: 2.356194490192345
startTangent: -1.9198621771937625
waypoints:
- position:
    x: -38.0
    y: -53.0
  heading: -0.2617993877991494
  tangent: 2.792526803190927
  interpolationType: "LINEAR"
resolution: 0.25
version: 1
