---
startPose:
  x: 23.0
  y: -48.0
  heading: -2.356194490192345
startTangent: 2.443460952792061
waypoints:
- position:
    x: -40.0
    y: -22.0
  heading: 0.6108652381980153
  tangent: -2.792526803190927
  interpolationType: "LINEAR"
resolution: 0.25
version: 1
