---
startPose:
  x: -62.0
  y: -50.0
  heading: 3.141592653589793
startTangent: 0.0
waypoints:
- position:
    x: 23.0
    y: -48.0
  heading: 2.356194490192345
  tangent: 0.6108652381980153
  interpolationType: "SPLINE"
resolution: 0.25
version: 1
