---
startPose:
  x: 12.0
  y: -45.0
  heading: 1.5707963267948966
startTangent: 1.5707963267948966
waypoints:
- position:
    x: -40.0
    y: -55.0
  heading: -0.2617993877991494
  tangent: 3.141592653589793
  interpolationType: "LINEAR"
resolution: 0.25
version: 1
